0.156829404942
0.000014647261
0.001719874684
0.000003872264
0.000092681808
0.000278550503
0.000037039051
0.001407568136
0.001219847489
0.001223046316
0.000008754685
0.000014731441
0.010413445147
0.001685781921
0.007955483182
0.000161793311
0.003111617044
0.003467360297
0.001918454508
0.000896008327
0.000881613605
0.000998286617
0.000954344833
0.000838597798
0.001153093017
0.001830823479
0.000338318063
0.000359026260
0.000001431054
0.000005976756
0.000002104492
0.000021718353
0.000000420898
0.003120876807
0.001690748521
0.003206066625
0.001180619766
0.001082129561
0.001245185567
0.001098797134
0.001355966003
0.002138163427
0.000965288190
0.000549019759
0.001114959629
0.001750011003
0.001322715036
0.000812586282
0.001726103979
0.000111958951
0.001384839627
0.003189567411
0.003046125266
0.000948452257
0.000457516466
0.001135331108
0.000042931628
0.000264576679
0.000080139039
0.000170211278
0.000009512302
0.000170127098
0.000002020312
0.000003451366
0.000000841797
0.066310003726
0.010026555418
0.025172244470
0.030243564056
0.095296260344
0.016408636529
0.014629499362
0.034721417022
0.059770254107
0.000759553095
0.004018905446
0.032009064118
0.018992952167
0.060155123524
0.057443780775
0.015554381314
0.000659295117
0.051327707398
0.049400498206
0.068068853594
0.020200761964
0.008218965526
0.011153973637
0.001579042109
0.011737591237
0.000889947392
0.000011532614
0.000001767773
0.000011700973
0.000002609570
0.000000100000
